0 0 0 0 0 0 0 0 0 0 0 0 0 
1 1 1 1 1 1 1 1 1 1 1 1 0 
2 3 4 5 6 7 8 9 10 11 12 12 0 
4 7 11 16 22 29 37 46 56 67 78 78 0 
8 15 26 42 64 93 130 176 232 298 364 364 0 
16 31 57 99 163 256 386 562 793 1079 1365 1365 0 
32 63 120 219 382 638 1024 1585 2366 3367 4368 4368 0 
64 127 247 466 848 1486 2509 4082 6370 9373 12376 12376 0 
128 255 502 968 1816 3301 5798 9802 15808 23816 31824 31824 0 
256 511 1013 1981 3796 7085 12805 22243 36686 56134 75582 75582 0 
512 1023 2036 4016 7800 14807 27248 48126 80444 124202 167960 167960 0 
1024 2047 4082 8086 15808 30251 56134 99892 167960 260338 352716 352716 0 
2048 4094 8164 16172 31616 60502 112268 199784 335920 520676 705432 705432 0 
