Yes
1 
No
Yes
2 6 3 
Yes
2 6 12 4 
Yes
2 6 12 20 5 
Yes
2 6 12 36 45 5 
Yes
2 6 12 20 30 42 7 
Yes
2 6 12 20 30 42 56 8 
Yes
2 6 12 20 30 42 56 72 9 
Yes
2 6 12 20 30 42 56 72 90 10 
Yes
2 6 12 20 30 42 56 72 90 110 11 
Yes
2 6 12 20 30 42 56 72 90 210 231 11 
Yes
2 6 12 20 30 42 56 72 90 110 132 156 13 
Yes
2 6 12 20 30 42 56 72 90 110 132 156 182 14 
Yes
2 6 12 20 30 42 56 72 90 110 132 156 182 210 15 
Yes
2 6 12 20 30 42 56 72 90 110 132 156 182 210 240 16 
Yes
2 6 12 20 30 42 56 72 90 110 132 156 182 210 240 272 17 
Yes
2 6 12 20 30 42 56 72 90 110 132 156 182 210 240 272 306 18 
Yes
2 6 12 20 30 42 56 72 90 110 132 156 182 210 240 272 306 342 19 
Yes
2 6 12 20 30 42 56 72 90 110 132 156 182 210 240 272 306 666 703 19 
Yes
2 6 12 20 30 42 56 72 90 110 132 156 182 210 240 272 306 342 380 420 21 
Yes
2 6 12 20 30 42 56 72 90 110 132 156 182 210 240 272 306 342 380 420 462 22 
Yes
2 6 12 20 30 42 56 72 90 110 132 156 182 210 240 272 306 342 380 420 462 506 23 
Yes
2 6 12 20 30 42 56 72 90 110 132 156 182 210 240 272 306 342 380 420 462 506 552 24 
Yes
2 6 12 20 30 42 56 72 90 110 132 156 182 210 240 272 306 342 380 420 462 506 552 600 25 
Yes
2 6 12 20 30 42 56 72 90 110 132 156 182 210 240 272 306 342 380 420 462 506 552 600 650 26 
Yes
2 6 12 20 30 42 56 72 90 110 132 156 182 210 240 272 306 342 380 420 462 506 552 600 650 702 27 
Yes
2 6 12 20 30 42 56 72 90 110 132 156 182 210 240 272 306 342 380 420 462 506 552 600 650 702 756 28 
Yes
2 6 12 20 30 42 56 72 90 110 132 156 182 210 240 272 306 342 380 420 462 506 552 600 650 702 756 812 29 
Yes
2 6 12 20 30 42 56 72 90 110 132 156 182 210 240 272 306 342 380 420 462 506 552 600 650 702 756 1596 1653 29 
