250 1000
637624 809
308441 640
708062 877
908858 881
399029 647
599943 64
512171 344
942660 487
814151 549
926418 238
693071 329
710396 334
23013 339
134675 596
450437 123
673183 60
648931 976
310051 344
996852 909
896225 232
843555 519
63295 77
516862 955
14563 13
157503 333
766602 925
556661 349
284259 25
548039 933
727620 475
711407 155
602886 689
931482 937
750033 685
648197 609
356916 751
691479 210
363828 693
942516 742
572057 18
352074 10
466943 87
848358 553
521111 748
202837 83
427575 244
682237 460
790932 718
459748 316
58402 944
219924 669
116047 755
351878 874
152447 394
890967 855
910763 41
95864 57
184479 573
161609 589
373320 798
470671 894
795041 259
347706 324
799328 453
159640 81
431749 915
305749 795
840021 627
27668 819
468372 986
749673 134
194378 536
273191 856
822460 151
600797 780
831948 819
513025 340
257078 730
245664 405
184535 655
946838 283
333921 586
164077 942
910212 96
682760 935
143081 785
274069 459
310672 611
232666 132
14761 462
328911 61
421281 287
506400 710
219017 63
767466 551
673717 303
536185 990
966889 261
697931 452
408356 42
288387 788
845826 807
405246 498
658769 912
289629 529
987725 891
36589 5
9529 989
603714 545
811403 180
148447 472
601834 983
525461 722
901243 391
478526 950
636784 912
893738 610
362070 335
155459 838
969598 439
210718 323
612681 659
366327 209
822999 393
367106 401
373924 904
152224 757
232887 684
60831 129
417426 356
960079 210
822619 168
53171 688
185502 629
721877 100
170067 594
628774 747
212604 452
921307 602
997844 412
186355 119
320316 578
380228 202
532614 58
203682 39
496765 112
520600 383
50279 770
20422 133
782398 298
423584 816
191243 357
767914 199
563808 221
955800 4
977632 506
482474 299
997084 701
883852 49
820110 534
512439 874
283997 39
152608 628
123160 29
602760 910
431678 695
890725 273
595051 639
59471 210
347859 622
269565 842
190128 391
656141 563
647443 992
749611 553
143877 401
300778 874
811439 738
278501 599
659118 612
356508 796
940306 584
746420 708
422222 890
243269 432
853863 186
644626 990
297576 118
263904 18
357109 866
928922 338
308267 52
445211 705
715789 63
570655 906
637674 514
982053 331
207098 824
146038 671
50713 658
432103 928
934843 80
981269 418
410197 173
693788 305
291390 61
300994 656
885112 556
235713 252
502618 367
8510 643
249881 914
750973 330
751738 362
119000 802
319020 454
739729 862
660533 998
2632 729
482522 771
354386 911
351831 379
373567 295
917935 631
870546 904
448349 407
593547 581
902321 871
187910 58
790585 910
489211 604
374363 940
879817 896
466289 800
621976 810
611570 361
722720 401
631740 638
233047 26
254620 592
2929 969
498999 475
917549 671
973698 459
571728 282
928720 290
390237 82
806229 405
854329 869
185205 305
