1 
1 1 
3 3 2 
3 3 2 2 
4 9 9 6 6 
4 9 9 6 6 4 
4 9 9 6 6 4 4 
12 27 27 8 18 18 12 12 
12 27 27 8 18 18 12 12 8 
12 27 27 8 18 18 12 12 8 8 
16 81 81 54 54 36 36 81 24 54 16 
16 81 81 54 54 36 36 81 24 54 16 36 
16 81 81 54 54 36 36 81 24 54 16 36 24 
16 81 81 54 54 36 36 81 24 54 16 36 24 24 
16 81 81 54 54 36 36 81 24 54 16 36 24 24 16 
16 81 81 54 54 36 36 81 24 54 16 36 24 24 16 16 
48 243 243 108 108 162 162 72 72 243 32 162 48 108 32 72 48 
48 243 243 108 108 162 162 72 72 243 32 162 48 108 32 72 48 48 
48 243 243 108 108 162 162 72 72 243 32 162 48 108 32 72 48 48 32 
48 243 243 108 108 162 162 72 72 243 32 162 48 108 32 72 48 48 32 32 
64 729 729 486 486 324 324 729 216 486 144 324 216 216 144 144 729 96 486 64 324 
64 729 729 486 486 324 324 729 216 486 144 324 216 216 144 144 729 96 486 64 324 96 
64 729 729 486 486 324 324 729 216 486 144 324 216 216 144 144 729 96 486 64 324 96 216 
64 729 729 486 486 324 324 729 216 486 144 324 216 216 144 144 729 96 486 64 324 96 216 64 
64 729 729 486 486 324 324 729 216 486 144 324 216 216 144 144 729 96 486 64 324 96 216 64 144 
64 729 729 486 486 324 324 729 216 486 144 324 216 216 144 144 729 96 486 64 324 96 216 64 144 96 
64 729 729 486 486 324 324 729 216 486 144 324 216 216 144 144 729 96 486 64 324 96 216 64 144 96 96 
64 729 729 486 486 324 324 729 216 486 144 324 216 216 144 144 729 96 486 64 324 96 216 64 144 96 96 64 
64 729 729 486 486 324 324 729 216 486 144 324 216 216 144 144 729 96 486 64 324 96 216 64 144 96 96 64 64 
192 2187 2187 972 972 1458 1458 648 648 2187 432 1458 288 972 432 432 648 288 288 2187 128 1458 192 972 128 648 192 432 128 288 
192 2187 2187 972 972 1458 1458 648 648 2187 432 1458 288 972 432 432 648 288 288 2187 128 1458 192 972 128 648 192 432 128 288 192 
192 2187 2187 972 972 1458 1458 648 648 2187 432 1458 288 972 432 432 648 288 288 2187 128 1458 192 972 128 648 192 432 128 288 192 192 
192 2187 2187 972 972 1458 1458 648 648 2187 432 1458 288 972 432 432 648 288 288 2187 128 1458 192 972 128 648 192 432 128 288 192 192 128 
192 2187 2187 972 972 1458 1458 648 648 2187 432 1458 288 972 432 432 648 288 288 2187 128 1458 192 972 128 648 192 432 128 288 192 192 128 128 
256 6561 6561 4374 4374 2916 2916 6561 1944 4374 1296 2916 1944 1944 1296 1296 6561 864 4374 576 2916 864 1944 576 1296 864 864 576 576 6561 384 4374 256 2916 384 
256 6561 6561 4374 4374 2916 2916 6561 1944 4374 1296 2916 1944 1944 1296 1296 6561 864 4374 576 2916 864 1944 576 1296 864 864 576 576 6561 384 4374 256 2916 384 1944 
256 6561 6561 4374 4374 2916 2916 6561 1944 4374 1296 2916 1944 1944 1296 1296 6561 864 4374 576 2916 864 1944 576 1296 864 864 576 576 6561 384 4374 256 2916 384 1944 256 
256 6561 6561 4374 4374 2916 2916 6561 1944 4374 1296 2916 1944 1944 1296 1296 6561 864 4374 576 2916 864 1944 576 1296 864 864 576 576 6561 384 4374 256 2916 384 1944 256 1296 
256 6561 6561 4374 4374 2916 2916 6561 1944 4374 1296 2916 1944 1944 1296 1296 6561 864 4374 576 2916 864 1944 576 1296 864 864 576 576 6561 384 4374 256 2916 384 1944 256 1296 384 
256 6561 6561 4374 4374 2916 2916 6561 1944 4374 1296 2916 1944 1944 1296 1296 6561 864 4374 576 2916 864 1944 576 1296 864 864 576 576 6561 384 4374 256 2916 384 1944 256 1296 384 864 
256 6561 6561 4374 4374 2916 2916 6561 1944 4374 1296 2916 1944 1944 1296 1296 6561 864 4374 576 2916 864 1944 576 1296 864 864 576 576 6561 384 4374 256 2916 384 1944 256 1296 384 864 256 
256 6561 6561 4374 4374 2916 2916 6561 1944 4374 1296 2916 1944 1944 1296 1296 6561 864 4374 576 2916 864 1944 576 1296 864 864 576 576 6561 384 4374 256 2916 384 1944 256 1296 384 864 256 576 
256 6561 6561 4374 4374 2916 2916 6561 1944 4374 1296 2916 1944 1944 1296 1296 6561 864 4374 576 2916 864 1944 576 1296 864 864 576 576 6561 384 4374 256 2916 384 1944 256 1296 384 864 256 576 384 
256 6561 6561 4374 4374 2916 2916 6561 1944 4374 1296 2916 1944 1944 1296 1296 6561 864 4374 576 2916 864 1944 576 1296 864 864 576 576 6561 384 4374 256 2916 384 1944 256 1296 384 864 256 576 384 384 
256 6561 6561 4374 4374 2916 2916 6561 1944 4374 1296 2916 1944 1944 1296 1296 6561 864 4374 576 2916 864 1944 576 1296 864 864 576 576 6561 384 4374 256 2916 384 1944 256 1296 384 864 256 576 384 384 256 
256 6561 6561 4374 4374 2916 2916 6561 1944 4374 1296 2916 1944 1944 1296 1296 6561 864 4374 576 2916 864 1944 576 1296 864 864 576 576 6561 384 4374 256 2916 384 1944 256 1296 384 864 256 576 384 384 256 256 
768 19683 19683 8748 8748 13122 13122 5832 5832 19683 3888 13122 2592 8748 3888 3888 5832 2592 2592 19683 1728 13122 1152 8748 1728 5832 1152 3888 1728 1728 2592 1152 1152 19683 512 13122 768 8748 512 5832 768 3888 512 2592 768 1728 512 
768 19683 19683 8748 8748 13122 13122 5832 5832 19683 3888 13122 2592 8748 3888 3888 5832 2592 2592 19683 1728 13122 1152 8748 1728 5832 1152 3888 1728 1728 2592 1152 1152 19683 512 13122 768 8748 512 5832 768 3888 512 2592 768 1728 512 1152 
768 19683 19683 8748 8748 13122 13122 5832 5832 19683 3888 13122 2592 8748 3888 3888 5832 2592 2592 19683 1728 13122 1152 8748 1728 5832 1152 3888 1728 1728 2592 1152 1152 19683 512 13122 768 8748 512 5832 768 3888 512 2592 768 1728 512 1152 768 
768 19683 19683 8748 8748 13122 13122 5832 5832 19683 3888 13122 2592 8748 3888 3888 5832 2592 2592 19683 1728 13122 1152 8748 1728 5832 1152 3888 1728 1728 2592 1152 1152 19683 512 13122 768 8748 512 5832 768 3888 512 2592 768 1728 512 1152 768 768 
768 19683 19683 8748 8748 13122 13122 5832 5832 19683 3888 13122 2592 8748 3888 3888 5832 2592 2592 19683 1728 13122 1152 8748 1728 5832 1152 3888 1728 1728 2592 1152 1152 19683 512 13122 768 8748 512 5832 768 3888 512 2592 768 1728 512 1152 768 768 512 
768 19683 19683 8748 8748 13122 13122 5832 5832 19683 3888 13122 2592 8748 3888 3888 5832 2592 2592 19683 1728 13122 1152 8748 1728 5832 1152 3888 1728 1728 2592 1152 1152 19683 512 13122 768 8748 512 5832 768 3888 512 2592 768 1728 512 1152 768 768 512 512 
1024 59049 59049 39366 39366 26244 26244 59049 17496 39366 11664 26244 17496 17496 11664 11664 59049 7776 39366 5184 26244 7776 17496 5184 11664 7776 7776 5184 5184 59049 3456 39366 2304 26244 3456 17496 2304 11664 3456 7776 2304 5184 3456 3456 2304 2304 59049 1536 39366 1024 26244 1536 17496 
1024 59049 59049 39366 39366 26244 26244 59049 17496 39366 11664 26244 17496 17496 11664 11664 59049 7776 39366 5184 26244 7776 17496 5184 11664 7776 7776 5184 5184 59049 3456 39366 2304 26244 3456 17496 2304 11664 3456 7776 2304 5184 3456 3456 2304 2304 59049 1536 39366 1024 26244 1536 17496 1024 
1024 59049 59049 39366 39366 26244 26244 59049 17496 39366 11664 26244 17496 17496 11664 11664 59049 7776 39366 5184 26244 7776 17496 5184 11664 7776 7776 5184 5184 59049 3456 39366 2304 26244 3456 17496 2304 11664 3456 7776 2304 5184 3456 3456 2304 2304 59049 1536 39366 1024 26244 1536 17496 1024 11664 
1024 59049 59049 39366 39366 26244 26244 59049 17496 39366 11664 26244 17496 17496 11664 11664 59049 7776 39366 5184 26244 7776 17496 5184 11664 7776 7776 5184 5184 59049 3456 39366 2304 26244 3456 17496 2304 11664 3456 7776 2304 5184 3456 3456 2304 2304 59049 1536 39366 1024 26244 1536 17496 1024 11664 1536 
1024 59049 59049 39366 39366 26244 26244 59049 17496 39366 11664 26244 17496 17496 11664 11664 59049 7776 39366 5184 26244 7776 17496 5184 11664 7776 7776 5184 5184 59049 3456 39366 2304 26244 3456 17496 2304 11664 3456 7776 2304 5184 3456 3456 2304 2304 59049 1536 39366 1024 26244 1536 17496 1024 11664 1536 7776 
1024 59049 59049 39366 39366 26244 26244 59049 17496 39366 11664 26244 17496 17496 11664 11664 59049 7776 39366 5184 26244 7776 17496 5184 11664 7776 7776 5184 5184 59049 3456 39366 2304 26244 3456 17496 2304 11664 3456 7776 2304 5184 3456 3456 2304 2304 59049 1536 39366 1024 26244 1536 17496 1024 11664 1536 7776 1024 
1024 59049 59049 39366 39366 26244 26244 59049 17496 39366 11664 26244 17496 17496 11664 11664 59049 7776 39366 5184 26244 7776 17496 5184 11664 7776 7776 5184 5184 59049 3456 39366 2304 26244 3456 17496 2304 11664 3456 7776 2304 5184 3456 3456 2304 2304 59049 1536 39366 1024 26244 1536 17496 1024 11664 1536 7776 1024 5184 
1024 59049 59049 39366 39366 26244 26244 59049 17496 39366 11664 26244 17496 17496 11664 11664 59049 7776 39366 5184 26244 7776 17496 5184 11664 7776 7776 5184 5184 59049 3456 39366 2304 26244 3456 17496 2304 11664 3456 7776 2304 5184 3456 3456 2304 2304 59049 1536 39366 1024 26244 1536 17496 1024 11664 1536 7776 1024 5184 1536 
1024 59049 59049 39366 39366 26244 26244 59049 17496 39366 11664 26244 17496 17496 11664 11664 59049 7776 39366 5184 26244 7776 17496 5184 11664 7776 7776 5184 5184 59049 3456 39366 2304 26244 3456 17496 2304 11664 3456 7776 2304 5184 3456 3456 2304 2304 59049 1536 39366 1024 26244 1536 17496 1024 11664 1536 7776 1024 5184 1536 3456 
1024 59049 59049 39366 39366 26244 26244 59049 17496 39366 11664 26244 17496 17496 11664 11664 59049 7776 39366 5184 26244 7776 17496 5184 11664 7776 7776 5184 5184 59049 3456 39366 2304 26244 3456 17496 2304 11664 3456 7776 2304 5184 3456 3456 2304 2304 59049 1536 39366 1024 26244 1536 17496 1024 11664 1536 7776 1024 5184 1536 3456 1024 
1024 59049 59049 39366 39366 26244 26244 59049 17496 39366 11664 26244 17496 17496 11664 11664 59049 7776 39366 5184 26244 7776 17496 5184 11664 7776 7776 5184 5184 59049 3456 39366 2304 26244 3456 17496 2304 11664 3456 7776 2304 5184 3456 3456 2304 2304 59049 1536 39366 1024 26244 1536 17496 1024 11664 1536 7776 1024 5184 1536 3456 1024 2304 
1024 59049 59049 39366 39366 26244 26244 59049 17496 39366 11664 26244 17496 17496 11664 11664 59049 7776 39366 5184 26244 7776 17496 5184 11664 7776 7776 5184 5184 59049 3456 39366 2304 26244 3456 17496 2304 11664 3456 7776 2304 5184 3456 3456 2304 2304 59049 1536 39366 1024 26244 1536 17496 1024 11664 1536 7776 1024 5184 1536 3456 1024 2304 1536 
1024 59049 59049 39366 39366 26244 26244 59049 17496 39366 11664 26244 17496 17496 11664 11664 59049 7776 39366 5184 26244 7776 17496 5184 11664 7776 7776 5184 5184 59049 3456 39366 2304 26244 3456 17496 2304 11664 3456 7776 2304 5184 3456 3456 2304 2304 59049 1536 39366 1024 26244 1536 17496 1024 11664 1536 7776 1024 5184 1536 3456 1024 2304 1536 1536 
1024 59049 59049 39366 39366 26244 26244 59049 17496 39366 11664 26244 17496 17496 11664 11664 59049 7776 39366 5184 26244 7776 17496 5184 11664 7776 7776 5184 5184 59049 3456 39366 2304 26244 3456 17496 2304 11664 3456 7776 2304 5184 3456 3456 2304 2304 59049 1536 39366 1024 26244 1536 17496 1024 11664 1536 7776 1024 5184 1536 3456 1024 2304 1536 1536 1024 
1024 59049 59049 39366 39366 26244 26244 59049 17496 39366 11664 26244 17496 17496 11664 11664 59049 7776 39366 5184 26244 7776 17496 5184 11664 7776 7776 5184 5184 59049 3456 39366 2304 26244 3456 17496 2304 11664 3456 7776 2304 5184 3456 3456 2304 2304 59049 1536 39366 1024 26244 1536 17496 1024 11664 1536 7776 1024 5184 1536 3456 1024 2304 1536 1536 1024 1024 
3072 177147 177147 78732 78732 118098 118098 52488 52488 177147 34992 118098 23328 78732 34992 34992 52488 23328 23328 177147 15552 118098 10368 78732 15552 52488 10368 34992 15552 15552 23328 10368 10368 177147 6912 118098 4608 78732 6912 52488 4608 34992 6912 23328 4608 15552 6912 6912 10368 4608 4608 177147 2048 118098 3072 78732 2048 52488 3072 34992 2048 23328 3072 15552 2048 10368 3072 6912 
3072 177147 177147 78732 78732 118098 118098 52488 52488 177147 34992 118098 23328 78732 34992 34992 52488 23328 23328 177147 15552 118098 10368 78732 15552 52488 10368 34992 15552 15552 23328 10368 10368 177147 6912 118098 4608 78732 6912 52488 4608 34992 6912 23328 4608 15552 6912 6912 10368 4608 4608 177147 2048 118098 3072 78732 2048 52488 3072 34992 2048 23328 3072 15552 2048 10368 3072 6912 2048 
3072 177147 177147 78732 78732 118098 118098 52488 52488 177147 34992 118098 23328 78732 34992 34992 52488 23328 23328 177147 15552 118098 10368 78732 15552 52488 10368 34992 15552 15552 23328 10368 10368 177147 6912 118098 4608 78732 6912 52488 4608 34992 6912 23328 4608 15552 6912 6912 10368 4608 4608 177147 2048 118098 3072 78732 2048 52488 3072 34992 2048 23328 3072 15552 2048 10368 3072 6912 2048 4608 
3072 177147 177147 78732 78732 118098 118098 52488 52488 177147 34992 118098 23328 78732 34992 34992 52488 23328 23328 177147 15552 118098 10368 78732 15552 52488 10368 34992 15552 15552 23328 10368 10368 177147 6912 118098 4608 78732 6912 52488 4608 34992 6912 23328 4608 15552 6912 6912 10368 4608 4608 177147 2048 118098 3072 78732 2048 52488 3072 34992 2048 23328 3072 15552 2048 10368 3072 6912 2048 4608 3072 
3072 177147 177147 78732 78732 118098 118098 52488 52488 177147 34992 118098 23328 78732 34992 34992 52488 23328 23328 177147 15552 118098 10368 78732 15552 52488 10368 34992 15552 15552 23328 10368 10368 177147 6912 118098 4608 78732 6912 52488 4608 34992 6912 23328 4608 15552 6912 6912 10368 4608 4608 177147 2048 118098 3072 78732 2048 52488 3072 34992 2048 23328 3072 15552 2048 10368 3072 6912 2048 4608 3072 3072 
3072 177147 177147 78732 78732 118098 118098 52488 52488 177147 34992 118098 23328 78732 34992 34992 52488 23328 23328 177147 15552 118098 10368 78732 15552 52488 10368 34992 15552 15552 23328 10368 10368 177147 6912 118098 4608 78732 6912 52488 4608 34992 6912 23328 4608 15552 6912 6912 10368 4608 4608 177147 2048 118098 3072 78732 2048 52488 3072 34992 2048 23328 3072 15552 2048 10368 3072 6912 2048 4608 3072 3072 2048 
3072 177147 177147 78732 78732 118098 118098 52488 52488 177147 34992 118098 23328 78732 34992 34992 52488 23328 23328 177147 15552 118098 10368 78732 15552 52488 10368 34992 15552 15552 23328 10368 10368 177147 6912 118098 4608 78732 6912 52488 4608 34992 6912 23328 4608 15552 6912 6912 10368 4608 4608 177147 2048 118098 3072 78732 2048 52488 3072 34992 2048 23328 3072 15552 2048 10368 3072 6912 2048 4608 3072 3072 2048 2048 
4096 531441 531441 354294 354294 236196 236196 531441 157464 354294 104976 236196 157464 157464 104976 104976 531441 69984 354294 46656 236196 69984 157464 46656 104976 69984 69984 46656 46656 531441 31104 354294 20736 236196 31104 157464 20736 104976 31104 69984 20736 46656 31104 31104 20736 20736 531441 13824 354294 9216 236196 13824 157464 9216 104976 13824 69984 9216 46656 13824 31104 9216 20736 13824 13824 9216 9216 531441 6144 354294 4096 236196 6144 157464 4096 
4096 531441 531441 354294 354294 236196 236196 531441 157464 354294 104976 236196 157464 157464 104976 104976 531441 69984 354294 46656 236196 69984 157464 46656 104976 69984 69984 46656 46656 531441 31104 354294 20736 236196 31104 157464 20736 104976 31104 69984 20736 46656 31104 31104 20736 20736 531441 13824 354294 9216 236196 13824 157464 9216 104976 13824 69984 9216 46656 13824 31104 9216 20736 13824 13824 9216 9216 531441 6144 354294 4096 236196 6144 157464 4096 104976 
4096 531441 531441 354294 354294 236196 236196 531441 157464 354294 104976 236196 157464 157464 104976 104976 531441 69984 354294 46656 236196 69984 157464 46656 104976 69984 69984 46656 46656 531441 31104 354294 20736 236196 31104 157464 20736 104976 31104 69984 20736 46656 31104 31104 20736 20736 531441 13824 354294 9216 236196 13824 157464 9216 104976 13824 69984 9216 46656 13824 31104 9216 20736 13824 13824 9216 9216 531441 6144 354294 4096 236196 6144 157464 4096 104976 6144 
4096 531441 531441 354294 354294 236196 236196 531441 157464 354294 104976 236196 157464 157464 104976 104976 531441 69984 354294 46656 236196 69984 157464 46656 104976 69984 69984 46656 46656 531441 31104 354294 20736 236196 31104 157464 20736 104976 31104 69984 20736 46656 31104 31104 20736 20736 531441 13824 354294 9216 236196 13824 157464 9216 104976 13824 69984 9216 46656 13824 31104 9216 20736 13824 13824 9216 9216 531441 6144 354294 4096 236196 6144 157464 4096 104976 6144 69984 
4096 531441 531441 354294 354294 236196 236196 531441 157464 354294 104976 236196 157464 157464 104976 104976 531441 69984 354294 46656 236196 69984 157464 46656 104976 69984 69984 46656 46656 531441 31104 354294 20736 236196 31104 157464 20736 104976 31104 69984 20736 46656 31104 31104 20736 20736 531441 13824 354294 9216 236196 13824 157464 9216 104976 13824 69984 9216 46656 13824 31104 9216 20736 13824 13824 9216 9216 531441 6144 354294 4096 236196 6144 157464 4096 104976 6144 69984 4096 
4096 531441 531441 354294 354294 236196 236196 531441 157464 354294 104976 236196 157464 157464 104976 104976 531441 69984 354294 46656 236196 69984 157464 46656 104976 69984 69984 46656 46656 531441 31104 354294 20736 236196 31104 157464 20736 104976 31104 69984 20736 46656 31104 31104 20736 20736 531441 13824 354294 9216 236196 13824 157464 9216 104976 13824 69984 9216 46656 13824 31104 9216 20736 13824 13824 9216 9216 531441 6144 354294 4096 236196 6144 157464 4096 104976 6144 69984 4096 46656 
4096 531441 531441 354294 354294 236196 236196 531441 157464 354294 104976 236196 157464 157464 104976 104976 531441 69984 354294 46656 236196 69984 157464 46656 104976 69984 69984 46656 46656 531441 31104 354294 20736 236196 31104 157464 20736 104976 31104 69984 20736 46656 31104 31104 20736 20736 531441 13824 354294 9216 236196 13824 157464 9216 104976 13824 69984 9216 46656 13824 31104 9216 20736 13824 13824 9216 9216 531441 6144 354294 4096 236196 6144 157464 4096 104976 6144 69984 4096 46656 6144 
4096 531441 531441 354294 354294 236196 236196 531441 157464 354294 104976 236196 157464 157464 104976 104976 531441 69984 354294 46656 236196 69984 157464 46656 104976 69984 69984 46656 46656 531441 31104 354294 20736 236196 31104 157464 20736 104976 31104 69984 20736 46656 31104 31104 20736 20736 531441 13824 354294 9216 236196 13824 157464 9216 104976 13824 69984 9216 46656 13824 31104 9216 20736 13824 13824 9216 9216 531441 6144 354294 4096 236196 6144 157464 4096 104976 6144 69984 4096 46656 6144 31104 
4096 531441 531441 354294 354294 236196 236196 531441 157464 354294 104976 236196 157464 157464 104976 104976 531441 69984 354294 46656 236196 69984 157464 46656 104976 69984 69984 46656 46656 531441 31104 354294 20736 236196 31104 157464 20736 104976 31104 69984 20736 46656 31104 31104 20736 20736 531441 13824 354294 9216 236196 13824 157464 9216 104976 13824 69984 9216 46656 13824 31104 9216 20736 13824 13824 9216 9216 531441 6144 354294 4096 236196 6144 157464 4096 104976 6144 69984 4096 46656 6144 31104 4096 
4096 531441 531441 354294 354294 236196 236196 531441 157464 354294 104976 236196 157464 157464 104976 104976 531441 69984 354294 46656 236196 69984 157464 46656 104976 69984 69984 46656 46656 531441 31104 354294 20736 236196 31104 157464 20736 104976 31104 69984 20736 46656 31104 31104 20736 20736 531441 13824 354294 9216 236196 13824 157464 9216 104976 13824 69984 9216 46656 13824 31104 9216 20736 13824 13824 9216 9216 531441 6144 354294 4096 236196 6144 157464 4096 104976 6144 69984 4096 46656 6144 31104 4096 20736 
4096 531441 531441 354294 354294 236196 236196 531441 157464 354294 104976 236196 157464 157464 104976 104976 531441 69984 354294 46656 236196 69984 157464 46656 104976 69984 69984 46656 46656 531441 31104 354294 20736 236196 31104 157464 20736 104976 31104 69984 20736 46656 31104 31104 20736 20736 531441 13824 354294 9216 236196 13824 157464 9216 104976 13824 69984 9216 46656 13824 31104 9216 20736 13824 13824 9216 9216 531441 6144 354294 4096 236196 6144 157464 4096 104976 6144 69984 4096 46656 6144 31104 4096 20736 6144 
4096 531441 531441 354294 354294 236196 236196 531441 157464 354294 104976 236196 157464 157464 104976 104976 531441 69984 354294 46656 236196 69984 157464 46656 104976 69984 69984 46656 46656 531441 31104 354294 20736 236196 31104 157464 20736 104976 31104 69984 20736 46656 31104 31104 20736 20736 531441 13824 354294 9216 236196 13824 157464 9216 104976 13824 69984 9216 46656 13824 31104 9216 20736 13824 13824 9216 9216 531441 6144 354294 4096 236196 6144 157464 4096 104976 6144 69984 4096 46656 6144 31104 4096 20736 6144 13824 
4096 531441 531441 354294 354294 236196 236196 531441 157464 354294 104976 236196 157464 157464 104976 104976 531441 69984 354294 46656 236196 69984 157464 46656 104976 69984 69984 46656 46656 531441 31104 354294 20736 236196 31104 157464 20736 104976 31104 69984 20736 46656 31104 31104 20736 20736 531441 13824 354294 9216 236196 13824 157464 9216 104976 13824 69984 9216 46656 13824 31104 9216 20736 13824 13824 9216 9216 531441 6144 354294 4096 236196 6144 157464 4096 104976 6144 69984 4096 46656 6144 31104 4096 20736 6144 13824 4096 
4096 531441 531441 354294 354294 236196 236196 531441 157464 354294 104976 236196 157464 157464 104976 104976 531441 69984 354294 46656 236196 69984 157464 46656 104976 69984 69984 46656 46656 531441 31104 354294 20736 236196 31104 157464 20736 104976 31104 69984 20736 46656 31104 31104 20736 20736 531441 13824 354294 9216 236196 13824 157464 9216 104976 13824 69984 9216 46656 13824 31104 9216 20736 13824 13824 9216 9216 531441 6144 354294 4096 236196 6144 157464 4096 104976 6144 69984 4096 46656 6144 31104 4096 20736 6144 13824 4096 9216 
4096 531441 531441 354294 354294 236196 236196 531441 157464 354294 104976 236196 157464 157464 104976 104976 531441 69984 354294 46656 236196 69984 157464 46656 104976 69984 69984 46656 46656 531441 31104 354294 20736 236196 31104 157464 20736 104976 31104 69984 20736 46656 31104 31104 20736 20736 531441 13824 354294 9216 236196 13824 157464 9216 104976 13824 69984 9216 46656 13824 31104 9216 20736 13824 13824 9216 9216 531441 6144 354294 4096 236196 6144 157464 4096 104976 6144 69984 4096 46656 6144 31104 4096 20736 6144 13824 4096 9216 6144 
4096 531441 531441 354294 354294 236196 236196 531441 157464 354294 104976 236196 157464 157464 104976 104976 531441 69984 354294 46656 236196 69984 157464 46656 104976 69984 69984 46656 46656 531441 31104 354294 20736 236196 31104 157464 20736 104976 31104 69984 20736 46656 31104 31104 20736 20736 531441 13824 354294 9216 236196 13824 157464 9216 104976 13824 69984 9216 46656 13824 31104 9216 20736 13824 13824 9216 9216 531441 6144 354294 4096 236196 6144 157464 4096 104976 6144 69984 4096 46656 6144 31104 4096 20736 6144 13824 4096 9216 6144 6144 
4096 531441 531441 354294 354294 236196 236196 531441 157464 354294 104976 236196 157464 157464 104976 104976 531441 69984 354294 46656 236196 69984 157464 46656 104976 69984 69984 46656 46656 531441 31104 354294 20736 236196 31104 157464 20736 104976 31104 69984 20736 46656 31104 31104 20736 20736 531441 13824 354294 9216 236196 13824 157464 9216 104976 13824 69984 9216 46656 13824 31104 9216 20736 13824 13824 9216 9216 531441 6144 354294 4096 236196 6144 157464 4096 104976 6144 69984 4096 46656 6144 31104 4096 20736 6144 13824 4096 9216 6144 6144 4096 
4096 531441 531441 354294 354294 236196 236196 531441 157464 354294 104976 236196 157464 157464 104976 104976 531441 69984 354294 46656 236196 69984 157464 46656 104976 69984 69984 46656 46656 531441 31104 354294 20736 236196 31104 157464 20736 104976 31104 69984 20736 46656 31104 31104 20736 20736 531441 13824 354294 9216 236196 13824 157464 9216 104976 13824 69984 9216 46656 13824 31104 9216 20736 13824 13824 9216 9216 531441 6144 354294 4096 236196 6144 157464 4096 104976 6144 69984 4096 46656 6144 31104 4096 20736 6144 13824 4096 9216 6144 6144 4096 4096 
12288 1594323 1594323 708588 708588 1062882 1062882 472392 472392 1594323 314928 1062882 209952 708588 314928 314928 472392 209952 209952 1594323 139968 1062882 93312 708588 139968 472392 93312 314928 139968 139968 209952 93312 93312 1594323 62208 1062882 41472 708588 62208 472392 41472 314928 62208 209952 41472 139968 62208 62208 93312 41472 41472 1594323 27648 1062882 18432 708588 27648 472392 18432 314928 27648 209952 18432 139968 27648 93312 18432 62208 27648 27648 41472 18432 18432 1594323 8192 1062882 12288 708588 8192 472392 12288 314928 8192 209952 12288 139968 8192 93312 12288 62208 8192 41472 12288 
12288 1594323 1594323 708588 708588 1062882 1062882 472392 472392 1594323 314928 1062882 209952 708588 314928 314928 472392 209952 209952 1594323 139968 1062882 93312 708588 139968 472392 93312 314928 139968 139968 209952 93312 93312 1594323 62208 1062882 41472 708588 62208 472392 41472 314928 62208 209952 41472 139968 62208 62208 93312 41472 41472 1594323 27648 1062882 18432 708588 27648 472392 18432 314928 27648 209952 18432 139968 27648 93312 18432 62208 27648 27648 41472 18432 18432 1594323 8192 1062882 12288 708588 8192 472392 12288 314928 8192 209952 12288 139968 8192 93312 12288 62208 8192 41472 12288 27648 
12288 1594323 1594323 708588 708588 1062882 1062882 472392 472392 1594323 314928 1062882 209952 708588 314928 314928 472392 209952 209952 1594323 139968 1062882 93312 708588 139968 472392 93312 314928 139968 139968 209952 93312 93312 1594323 62208 1062882 41472 708588 62208 472392 41472 314928 62208 209952 41472 139968 62208 62208 93312 41472 41472 1594323 27648 1062882 18432 708588 27648 472392 18432 314928 27648 209952 18432 139968 27648 93312 18432 62208 27648 27648 41472 18432 18432 1594323 8192 1062882 12288 708588 8192 472392 12288 314928 8192 209952 12288 139968 8192 93312 12288 62208 8192 41472 12288 27648 8192 
12288 1594323 1594323 708588 708588 1062882 1062882 472392 472392 1594323 314928 1062882 209952 708588 314928 314928 472392 209952 209952 1594323 139968 1062882 93312 708588 139968 472392 93312 314928 139968 139968 209952 93312 93312 1594323 62208 1062882 41472 708588 62208 472392 41472 314928 62208 209952 41472 139968 62208 62208 93312 41472 41472 1594323 27648 1062882 18432 708588 27648 472392 18432 314928 27648 209952 18432 139968 27648 93312 18432 62208 27648 27648 41472 18432 18432 1594323 8192 1062882 12288 708588 8192 472392 12288 314928 8192 209952 12288 139968 8192 93312 12288 62208 8192 41472 12288 27648 8192 18432 
12288 1594323 1594323 708588 708588 1062882 1062882 472392 472392 1594323 314928 1062882 209952 708588 314928 314928 472392 209952 209952 1594323 139968 1062882 93312 708588 139968 472392 93312 314928 139968 139968 209952 93312 93312 1594323 62208 1062882 41472 708588 62208 472392 41472 314928 62208 209952 41472 139968 62208 62208 93312 41472 41472 1594323 27648 1062882 18432 708588 27648 472392 18432 314928 27648 209952 18432 139968 27648 93312 18432 62208 27648 27648 41472 18432 18432 1594323 8192 1062882 12288 708588 8192 472392 12288 314928 8192 209952 12288 139968 8192 93312 12288 62208 8192 41472 12288 27648 8192 18432 12288 
12288 1594323 1594323 708588 708588 1062882 1062882 472392 472392 1594323 314928 1062882 209952 708588 314928 314928 472392 209952 209952 1594323 139968 1062882 93312 708588 139968 472392 93312 314928 139968 139968 209952 93312 93312 1594323 62208 1062882 41472 708588 62208 472392 41472 314928 62208 209952 41472 139968 62208 62208 93312 41472 41472 1594323 27648 1062882 18432 708588 27648 472392 18432 314928 27648 209952 18432 139968 27648 93312 18432 62208 27648 27648 41472 18432 18432 1594323 8192 1062882 12288 708588 8192 472392 12288 314928 8192 209952 12288 139968 8192 93312 12288 62208 8192 41472 12288 27648 8192 18432 12288 12288 
12288 1594323 1594323 708588 708588 1062882 1062882 472392 472392 1594323 314928 1062882 209952 708588 314928 314928 472392 209952 209952 1594323 139968 1062882 93312 708588 139968 472392 93312 314928 139968 139968 209952 93312 93312 1594323 62208 1062882 41472 708588 62208 472392 41472 314928 62208 209952 41472 139968 62208 62208 93312 41472 41472 1594323 27648 1062882 18432 708588 27648 472392 18432 314928 27648 209952 18432 139968 27648 93312 18432 62208 27648 27648 41472 18432 18432 1594323 8192 1062882 12288 708588 8192 472392 12288 314928 8192 209952 12288 139968 8192 93312 12288 62208 8192 41472 12288 27648 8192 18432 12288 12288 8192 
12288 1594323 1594323 708588 708588 1062882 1062882 472392 472392 1594323 314928 1062882 209952 708588 314928 314928 472392 209952 209952 1594323 139968 1062882 93312 708588 139968 472392 93312 314928 139968 139968 209952 93312 93312 1594323 62208 1062882 41472 708588 62208 472392 41472 314928 62208 209952 41472 139968 62208 62208 93312 41472 41472 1594323 27648 1062882 18432 708588 27648 472392 18432 314928 27648 209952 18432 139968 27648 93312 18432 62208 27648 27648 41472 18432 18432 1594323 8192 1062882 12288 708588 8192 472392 12288 314928 8192 209952 12288 139968 8192 93312 12288 62208 8192 41472 12288 27648 8192 18432 12288 12288 8192 8192 
